
                                                                                          ZITADEL LIMITED                                   
Date:21/10/2019                                                                           DEPARTMENTAL BASIC ALLOWANCE REPORT FOR OCTOBER 2019                            Page:   1
                                                                                          ------------------------------------------------

                         <----------- Management Staff ------->   <-------------- Senior Staff -------> <-------------- Junior Staff ------->   <-------------- Other Groups ------->
 S/N DEPARTMENT NAME            Basic         Rent     Transport         Basic         Rent   Transport       Basic        Rent       Transport        Basic        Rent     Transport       Total 
 --- ---------------     ------------ ------------  ------------  ------------ ------------------------ ------------ ------------  ------------ ------------ ------------ ------------ ------------
   1 PRODUCTION                  0.00   616,775.70    238,887.49          0.00         0.00        0.00         0.00         0.00          0.00         0.00         0.00         0.00   855,663.19
   2 ENGINNERING                 0.00   340,395.58    120,139.67          0.00         0.00        0.00         0.00         0.00          0.00         0.00         0.00         0.00   460,535.25
   3 QUALITY ASSURANCE           0.00   598,885.16    206,305.32          0.00         0.00        0.00         0.00         0.00          0.00         0.00         0.00         0.00   805,190.48
   4 SALES                       0.00   678,132.52    267,183.68          0.00         0.00        0.00         0.00         0.00          0.00         0.00         0.00         0.00   945,316.20
   5 MARKETING                   0.00         0.00          0.00          0.00         0.00        0.00         0.00         0.00          0.00         0.00         0.00         0.00         0.00
   6 MATERIALS                   0.00         0.00          0.00          0.00         0.00        0.00         0.00         0.00          0.00         0.00         0.00         0.00         0.00
   7 FINANCE                     0.00   743,160.49    257,287.33          0.00         0.00        0.00         0.00         0.00          0.00         0.00         0.00         0.00 1,000,447.82
   8 ADMIN                       0.00   211,563.25     79,838.50          0.00         0.00        0.00         0.00         0.00          0.00         0.00         0.00         0.00   291,401.75
   9 INTERNAL AUDIT              0.00         0.00          0.00          0.00         0.00        0.00         0.00         0.00          0.00         0.00         0.00         0.00         0.00
  10 INFO TECH                   0.00         0.00          0.00          0.00         0.00        0.00         0.00         0.00          0.00         0.00         0.00         0.00         0.00
  11 ZOLON HEALTHCARE LT         0.00   234,155.09     36,917.75          0.00         0.00        0.00         0.00         0.00          0.00         0.00         0.00         0.00   271,072.84
  12 EMZOR HESCO LTD             0.00   599,993.41    212,813.33          0.00         0.00        0.00         0.00         0.00          0.00         0.00         0.00         0.00   812,806.74
  13 FRONTWAVE LTD               0.00         0.00          0.00          0.00         0.00        0.00         0.00         0.00          0.00         0.00         0.00         0.00         0.00
  14 EMZOR PHARMACY & ST         0.00         0.00          0.00          0.00         0.00        0.00         0.00         0.00          0.00         0.00         0.00         0.00         0.00
  15 LIFEGATE HEALTH PAR         0.00         0.00          0.00          0.00         0.00        0.00         0.00         0.00          0.00         0.00         0.00         0.00         0.00
  16 HEALTH , SAFETY & E         0.00         0.00          0.00          0.00         0.00        0.00         0.00         0.00          0.00         0.00         0.00         0.00         0.00
  17 RESIDENT CONSULTANT         0.00         0.00          0.00          0.00         0.00        0.00         0.00         0.00          0.00         0.00         0.00         0.00         0.00
  18 REGULATORY AFFAIRS          0.00   141,666.67          0.00          0.00         0.00        0.00         0.00         0.00          0.00         0.00         0.00         0.00   141,666.67


     Total                       0.00 4,164,727.87  1,419,373.07          0.00         0.00        0.00         0.00         0.00          0.00         0.00         0.00         0.00 5,584,100.94