 Employee   Employee Name                     Basic Monthly Gross   Annual Gross   Relief Amt C R A  Total  Total Relief     Chargeable    Annual Tax   Monthly Tax
 Number                                                                                                                          Income
 -------------------------------------------------------------------------------------------------------------------------------------------------------------------
 0021       OKORO NKEIRUKA             										     200,000.00 5,339,999.98  6,199,374.94  19,500,624.98  4,472,149.99   372,679.17**
 0021      F OKORO NKEIRUKA+15%        409,375.00  2,203,072.91  26,436,874.92   264,368.75 5,487,374.98  6,354,118.69  19,345,881.23  4,435,011.49   369,584.29**
 0021      T OKORO NKEIRUKA+15%        409,375.00  2,141,666.66  25,699,999.92   257,000.00 5,339,999.98  6,199,374.94  18,763,749.98  4,295,299.99   357,941.67
 0021      F OKORO NKEIRUKA+0%         409,375.00  2,203,072.91  26,436,874.92   264,368.75 5,487,374.98  6,354,118.69  20,082,756.23  4,611,861.49   384,321.79
 0021      T OKORO NKEIRUKA+0%         409,375.00  2,141,666.66  25,699,999.92   257,000.00 5,339,999.98  6,199,374.94  19,500,624.98  4,472,149.99   372,679.17*
 0021       OKORO NKEIRUKA             409,375.00  2,141,666.66  25,699,999.92   257,000.00 5,339,999.98  6,199,374.94  19,500,624.98  4,472,149.99   372,679.17

* tax diff from ** 3094.88
* Relief Amt = should be relif_amt 